| k |    x_k     |    f(x_k)   |    e_k   |
===========================================
|000|-2.000000000|-130.00000000|0.58578644|
|001|-1.000000000|  20.00000000|0.41421356|
|002|-1.133333330|  17.00032790|0.28088023|
|003|-1.888986060|- 90.74951432|0.47477249|
|004|-1.252557120|  11.91362844|0.16165644|
|005|-1.326412040|   7.29010302|0.08780153|
|006|-1.442862130|-  2.85766933|0.02864856|
|007|-1.410069130|   0.39281168|0.00414443|
|008|-1.414032070|   0.01730854|0.00018149|
|009|-1.414214740|-  0.00011261|0.00000118|
|010|-1.414213560|   0.00000003|0.00000000|
|011|-1.414213560|   0.00000000|0.00000000|
